SH44_mi_sense <- c(1,1,1)
SH44_mi_antisense <- c(8.390839275, 5.134916713, 9.403521172)

SH44_hulc_sense <- c(1,1,1)
SH44_hulc_antisense <- c(2.35681, 4.985347, 2.345187)



U87_mi_sense <- c(1,1,1)
U87_antisense <- c(15.65461681, 16.13491671, 13.12641646)

U87_hulc_sense <- c(1,1,1)
U87_hulc_antisense <- c(5.6519841, 7.651981313, 5.98761322)








